PROP2_JA	PROP2_JL	PROP6_JA	PROP6_JL	ROTOR PITCH ANGLE DEG	PROP2_CEF_X	PROP2_CEF_Y	PROP2_CEF_Z	PROP2_CEM_X	PROP2_CEM_Y	PROP2_CEM_Z	PROP6_CEF_X	PROP6_CEF_Y	PROP6_CEF_Z	PROP6_CEM_X	PROP6_CEM_Y	PROP6_CEM_Z
0	0	0	0	9.9	0.0837804461823751	-0.000606030234510953	-9.56190049375366e-05	0.00450892354770146	0.000103331134642094	0.00112804765960146	0.0827790051746931	-0.000459779451579743	0.000367403448749747	-0.0043762988565081	0.000342079844707976	0.000744947913018964
0	0	0	0	9.9	0.0838742518110681	-0.000612798883264877	-8.06359598447167e-05	0.00448853607779125	7.60707471788956e-05	0.00112530754826945	0.0828529452674261	-0.000441642857823971	0.00040751709820301	-0.00435620101614201	0.000304553959569072	0.00081003432859763
0	0	0	0	9.9	0.0837660535231255	-0.00061378922407911	-8.82075574276831e-05	0.00448385931959109	6.46027797670211e-05	0.00113350317558777	0.0827892926575267	-0.000425854382828149	0.000463499682440175	-0.00435115681798689	0.000289522600282749	0.00084916858917013
0	0	0	0	9.9	0.0838206771634053	-0.000616998745219845	-0.000105052187621536	0.00450538036840298	7.81401691705847e-05	0.0011722668210458	0.0828405205678149	-0.000409425031513193	0.000520526771433432	-0.0043682548025692	0.000267946498331133	0.000896725113306279
0	0.4	0	0.4	9.9	0.107555705018338	-0.0011621048093507	-0.00783921930827062	0.00403987829837475	0.00728034039450782	0.00532024664704066	0.0877084119786495	-0.000594083917799948	-0.00755974905130829	-0.00421308021230377	0.00608293231606006	-0.0067702566403273
0	0.25	0	0.25	9.9	0.0949540930632156	-3.38938589010016e-05	-0.00468192747878738	0.00420345324946416	0.00576836978200136	0.00396814227531947	0.0783024236624549	-0.000717714555619345	-0.00363679335814069	-0.00435926538528104	0.00488466759843302	-0.00329994270171451
0	0.181818181818182	0	0.181818181818182	9.9	0.0905589686719647	-0.000319557760285319	-0.00359046612994495	0.00428400181424033	0.00430356719623933	0.00336817949065174	0.0778491359772023	-0.000462978196388796	-0.00227783425404518	-0.00413220755413674	0.00413244310064206	-0.00311727022217942
0	0.142857142857143	0	0.142857142857143	9.9	0.0887435597053072	-0.000362572408877199	-0.00276081489397066	0.00437073311839582	0.00344089948321706	0.00297784116877488	0.078163198815567	-0.000461290325695117	-0.00172570358252004	-0.00411316081609801	0.00342680188290907	-0.00242029397661981
0	0.4	0	0.4	13	0.125243488053008	-0.00100742444212593	-0.00966331315376889	0.00560513456106329	0.00697869417155237	0.00715999959836785	0.107678890669027	-0.00223955724320322	-0.00835096762793361	-0.00618134758106261	0.00651173793454645	-0.00766577862598118
0	0.25	0	0.25	13	0.112866479015951	-5.20855004625438e-05	-0.00605231884066349	0.00584866092604821	0.00522721345863609	0.00555102570683943	0.0946508765972305	-0.00128536667473153	-0.00446976688069476	-0.00613253444506673	0.00446409431694407	-0.00460751705248722
0	0.181818181818182	0	0.181818181818182	13	0.10920510412346	-0.000335377746081504	-0.00461460124133247	0.00594894305243868	0.00379337817371464	0.00457146332104271	0.0939645631413022	-0.000552685209584006	-0.00313414029706547	-0.00584507735292233	0.00312539080919895	-0.00440254583264007
0	0.142857142857143	0	0.142857142857143	13	0.10759243000046	-0.000425522083255512	-0.00385785127708544	0.00609783347660525	0.002863476159798	0.00401442019421283	0.0942753125124033	-0.000500617117921052	-0.002756076950458	-0.00587739201254923	0.00242783718425548	-0.00337555158612046
0.103527618041008	0.386370330515627	0.103527618041008	0.386370330515627	9.9	0.0916433421903012	2.24511943870547e-06	-0.00835702359659576	0.00449926327569017	0.00525633414846438	0.00533569948466543	0.073915709171957	0.000153846929727731	-0.00786198056148788	-0.00431822961368828	0.00504719598747698	-0.00640025276883561
0.0647047612756302	0.241481456572267	0.0647047612756302	0.241481456572267	9.9	0.0876909793742497	-0.00051030838201789	-0.0049373700659997	0.00442491069358846	0.00438409816062793	0.00362724247399715	0.0738486365285804	0.000262828034045576	-0.00527170303902911	-0.00457824044190797	0.00354548406396903	-0.00363748130920347
0.0470580082004583	0.175622877507103	0.0470580082004583	0.175622877507103	9.9	0.0860202608724745	-0.000401571486129935	-0.00337690834184038	0.00441994446879675	0.00348710001155192	0.00287710923869711	0.0779751281857916	0.000259870373120741	-0.00307659012682197	-0.00433318333309412	0.00330051877237671	-0.00302992692449511
0.0369741493003601	0.137989403755581	0.0369741493003601	0.137989403755581	9.9	0.0855216845137565	-7.24783548112052e-05	-0.00274172842947536	0.00445023855685105	0.00293674360200432	0.00251950237657979	0.0807689239288694	0.000145860612654893	-0.00308501731049321	-0.00429019692496223	0.00311723298287451	-0.0028363876495961
0.103527618041008	0.386370330515627	0.103527618041008	0.386370330515627	13	0.112429398814781	-0.000147512457654912	-0.00988652758884886	0.00611118182054954	0.00552062313909202	0.0070495170360753	0.0928762123986272	0.000744185276080429	-0.00918139121558648	-0.00600821359064359	0.0046785648413235	-0.00794613669606429
0.0647047612756302	0.241481456572267	0.0647047612756302	0.241481456572267	13	0.107415384534313	-0.000568922890265545	-0.00602137930384486	0.00604446847449901	0.00436664515084385	0.00491397369402187	0.0967324492288515	0.00124451477476579	-0.00577534202995792	-0.00644238414744115	0.00433099962403874	-0.00434396807892417
0.0470580082004583	0.175622877507103	0.0470580082004583	0.175622877507103	13	0.105956600969189	-0.000452647832558889	-0.00439556624520257	0.00606211297282096	0.00342321740414574	0.00391454753939877	0.0971797936651249	0.000737410440607367	-0.00351216136071495	-0.00613695851862773	0.00326211996414026	-0.00355253434904711
0.0369741493003601	0.137989403755581	0.0369741493003601	0.137989403755581	13	0.105684696908302	-8.68509941418314e-05	-0.00368897385784366	0.00614823699852397	0.00285173162027834	0.00345934460001642	0.0993289330607678	0.000748766724870864	-0.00338886050020548	-0.00601567068248911	0.00306649144948964	-0.00343251668347991
0.2	0.346410161513775	0.2	0.346410161513775	9.9	0.0759189161631698	-0.00118111908628618	-0.00738827232316277	0.00453794707080962	0.00360379845596194	0.00438794197138251	0.0542601297347198	0.00107948956817277	-0.00705435553254236	-0.00404785788672045	0.00176942786944054	-0.00521585319501441
0.125	0.21650635094611	0.125	0.21650635094611	9.9	0.0796364353344085	-0.000968334081594319	-0.0042871615152955	0.00447988820723786	0.00320185998319153	0.00295910849339016	0.0593525947280997	-0.000605279196904512	-0.00492253727350293	-0.00424715875056184	0.00193700744958674	-0.00321524043543595
0.0909090909090909	0.157459164324443	0.0909090909090909	0.157459164324443	9.9	0.0807114798289143	-0.000608784100255716	-0.00288416583304575	0.00445314926579569	0.00269772437891555	0.00233491903574423	0.0682907297000111	-0.000199174190120176	-0.00380345719503321	-0.00428785948031324	0.00129935152345065	-0.00223386805001353
0.0714285714285714	0.123717914826348	0.0714285714285714	0.123717914826348	9.9	0.0813904018819204	-0.000470789198302045	-0.00221913857883074	0.00446317843685171	0.00233199232090126	0.00201864670144728	0.075574821616552	-0.000371177706003678	-0.00407821170713202	-0.00440448058314848	0.00116946984650651	-0.00262111611543945
0.2	0.346410161513775	0.2	0.346410161513775	13	0.0980359799063388	-0.00151608150165714	-0.0089022605178288	0.006297215333844	0.0040731027566804	0.0058365756485281	0.0788180039783644	0.000595185080111885	-0.00896448449902455	-0.0061199697809146	0.00221147113349957	-0.0067355317118039
0.125	0.21650635094611	0.125	0.21650635094611	13	0.100453354637977	-0.0010271180940488	-0.00515858154942222	0.00617491328222341	0.00337031726646013	0.00400155115668463	0.0823113430791013	-2.37388948797316e-05	-0.00603895771466815	-0.00625023253281207	0.00220064172359271	-0.00392619753964455
0.0909090909090909	0.157459164324443	0.0909090909090909	0.157459164324443	13	0.101297629486883	-0.000644708283173124	-0.00363499954822108	0.00614116436067673	0.00276365820029624	0.00321822192738373	0.088603212293525	0.000148144514008337	-0.00419156779481571	-0.00610524389856745	0.00189267984411703	-0.00249604798857037
0.0714285714285714	0.123717914826348	0.0714285714285714	0.123717914826348	13	0.102102940092116	-0.000486006659814029	-0.00288813384939077	0.00618077422109629	0.00238278710291957	0.00279677142361146	0.0912808729152867	-0.000126789223732118	-0.00472701970421961	-0.00602247131064246	0.000695382926218506	-0.00303833970405691
0.207055236082017	0.772740661031255	0.207055236082017	0.772740661031255	9.9	0.0984372028468203	0.000979933613573954	-0.0177441183085166	0.00488970650675594	0.00515685217256852	0.010719886471079	0.0685377359287822	0.000644892003389295	-0.0170047504037444	-0.00435349902250018	0.00439638298530632	-0.0110935928433455
0.12940952255126	0.482962913144534	0.12940952255126	0.482962913144534	9.9	0.0946718271461323	0.000537123923149039	-0.010595481636664	0.00456104679634016	0.00541919848580533	0.00667941998822489	0.0764456159877431	0.00174049603286274	-0.0087793631745205	-0.0045062914139849	0.00504105454053913	-0.00741754816649333
0.0941160164009166	0.351245755014207	0.0941160164009166	0.351245755014207	9.9	0.0913479321375014	-0.00032746242069507	-0.00737228548324182	0.00447268137385213	0.00525830661270686	0.00500519262497016	0.0747718708432391	0.00120631571918689	-0.00663959700658755	-0.00443462830289692	0.00388469998298794	-0.0057875949132767
0.0739482986007202	0.275978807511162	0.0739482986007202	0.275978807511162	9.9	0.0892479313002769	-0.000600596506200291	-0.00578163966276567	0.00447544252354244	0.00488050074951018	0.00419673768013222	0.0711546747453117	0.000667956654599343	-0.00577317110950049	-0.00444120265908982	0.00316703157373535	-0.00434678272407654
0.207055236082017	0.772740661031255	0.207055236082017	0.772740661031255	13	0.122160211373764	0.000805665587813548	-0.0208308755199453	0.00663028653798337	0.00578149169514013	0.013527459509628	0.0908689438564959	0.00187089768959376	-0.0200079892103669	-0.00610677356370979	0.00513728361687647	-0.0145620859793432
0.12940952255126	0.482962913144534	0.12940952255126	0.482962913144534	13	0.115704082468445	0.000523013289507688	-0.0129428644336557	0.00619114956143927	0.00581781214069674	0.00871689252932873	0.0976004132673013	0.000416793944635133	-0.010461254879889	-0.00632034446314243	0.00596393780581011	-0.00945797779328898
0.0941160164009166	0.351245755014207	0.0941160164009166	0.351245755014207	13	0.111951558713644	-0.000545200165884518	-0.00895830360151935	0.00611960923930812	0.00552058976474152	0.00672833240185429	0.0959511793607845	0.00150340837189555	-0.00779083724402485	-0.00631953593186102	0.00390840959426672	-0.0071131398185023
0.0739482986007202	0.275978807511162	0.0739482986007202	0.275978807511162	13	0.109778001096421	-0.000698879838521221	-0.00715166590914009	0.00618583052808316	0.00500072150590007	0.00571939359491831	0.0958591495449443	0.00166689823019391	-0.00670801864518146	-0.00646879320631392	0.00418250881727681	-0.00527375992722969
0.4	0.692820323027551	0.4	0.692820323027551	13	0.0824370476120392	-0.00231031445795323	-0.0215250994239648	0.00620427899606946	0.00454853390624275	0.0108971667747932	0.0540373722519833	0.000855531669580506	-0.0204936725627849	-0.00473196886134147	0.00283259770177115	-0.0115875598702351
0.25	0.433012701892219	0.25	0.433012701892219	13	0.0958209838396442	-0.00165040209240057	-0.0118677487583911	0.00635451281243725	0.00434665561543654	0.00717632638842583	0.0696912497714928	0.00160208541407526	-0.0107526904724408	-0.00567260641448957	0.00225177823254631	-0.00830133883445255
0.181818181818182	0.314918328648887	0.181818181818182	0.314918328648887	13	0.099364986005785	-0.00155625424131755	-0.0080373572034694	0.00627325103741466	0.0040741614220506	0.00550229129939058	0.0814016241711348	0.000404827429979641	-0.00787998223966155	-0.00614778750482857	0.0024194885020863	-0.00617320542895449
0.142857142857143	0.247435829652697	0.142857142857143	0.247435829652697	13	0.100943452306316	-0.00142755537796328	-0.00618827472424022	0.0062742820169161	0.00382558876026292	0.00467142552157039	0.0828019019219473	-0.000153323186806586	-0.00644009924517001	-0.00623189111634297	0.00251612928519534	-0.00470242822937888
0.4	0.692820323027551	0.4	0.692820323027551	22	0.146858765053422	-0.00250724412412451	-0.0308570057538148	0.0135427708048723	0.00539587544898194	0.0173355200085456	0.116662895826997	0.00272202516411032	-0.0301041049981095	-0.0121215797230103	0.00354555366644684	-0.0194368302480704
0.25	0.433012701892219	0.25	0.433012701892219	22	0.142003732441235	-0.00167031209238736	-0.0191128388200562	0.012772649091368	0.00256505180022749	0.0117062581222692	0.129272924111658	-5.22098705442431e-05	-0.0163461171217066	-0.0132773277378991	0.00257527127666326	-0.0114268100248037
0.181818181818182	0.314918328648887	0.181818181818182	0.314918328648887	22	0.137626134480972	-0.0022732388189963	-0.0143081225217425	0.0128083550986275	0.00103667400407986	0.00915712511723587	0.130102788263096	-0.000303243520176091	-0.0130142202920542	-0.0131219182347412	0.000801519277597845	-0.00819828892903941
0.142857142857143	0.247435829652697	0.142857142857143	0.247435829652697	22	0.133531283881084	-0.00212542166803693	-0.0118976514806714	0.0130303640319662	0.000195642818553448	0.00729002447767663	0.131337258470285	-0.00104599490095675	-0.0116659871112473	-0.013380352871876	0.000385650331005239	-0.00659259077040823
0.565685424949238	0.565685424949238	0.565685424949238	0.565685424949238	13	0.0409844230323668	-0.00446847591099693	-0.0167073380613296	0.00401080441029955	0.00294042047189598	0.00740564852530537	0.0219754067764658	-0.00126107669450406	-0.0184012081991292	-0.00267179915826466	0.000782785648230624	-0.0087269538297346
0.353553390593274	0.353553390593274	0.353553390593274	0.353553390593274	13	0.0737281789334946	-0.00267262549333792	-0.00915367398607243	0.00585565071579404	0.00302587404671467	0.00521441196924695	0.0477801910848269	0.000324795741275024	-0.010285384980502	-0.00456353344684103	0.00144119161358506	-0.00661171269833787
0.25712973861329	0.25712973861329	0.25712973861329	0.25712973861329	13	0.0858004623668436	-0.00216556796983025	-0.00615112926344712	0.00612893567718579	0.00288384242599723	0.00406547010283462	0.0593103895739037	0.000141000063879112	-0.00692984284479713	-0.00532389144332051	9.11039678062293e-05	-0.00477695517015405
0.202030508910442	0.202030508910442	0.202030508910442	0.202030508910442	13	0.0915487066047681	-0.0015866447059966	-0.00463672621847729	0.00621988901010095	0.0027301229301982	0.00348702699847675	0.0692540058591884	-0.000446858648769567	-0.00565774365369276	-0.0057876904279172	-0.000130401600442138	-0.00348854793893945
0.565685424949238	0.565685424949238	0.565685424949238	0.565685424949238	22	0.115939197191655	-0.00680297996839774	-0.0244566520761993	0.0127965788233219	0.00485682792228924	0.0132335046295243	0.0859327362756472	0.000117317583821629	-0.028945206015102	-0.0106758270475554	0.00209861380911737	-0.0153245735014632
0.353553390593274	0.353553390593274	0.353553390593274	0.353553390593274	22	0.134552207582282	-0.00346739073557883	-0.0138009194968364	0.0128979866043481	0.00368569023582615	0.00883939086362316	0.112019419043498	0.000181197787743297	-0.0145414182738423	-0.0130169547937038	0.00119720421905886	-0.00995183363919823
0.25712973861329	0.25712973861329	0.25712973861329	0.25712973861329	22	0.137596235550594	-0.00238554208336443	-0.01030577966557	0.0127073672303323	0.00238536712962061	0.00706781021392189	0.1246114269836	0.000106928046149601	-0.0109191190048561	-0.0134024561524561	0.00125259559939783	-0.00690809585174236
0.202030508910442	0.202030508910442	0.202030508910442	0.202030508910442	22	0.133275220008738	-0.00180710366755238	-0.00904446253296941	0.0128411948257873	0.000341721372583965	0.00572535555850878	0.124657132733765	-0.0017392230222755	-0.010099434232005	-0.0132899315286045	0.000480603154305251	-0.00591257796863252
0	0.8	0	0.8	13	0.159286583763801	-0.00541388458456893	-0.0184408787384915	0.00533778475172481	0.0066700873047156	0.0141216505064649	0.140652590155073	0.000400106071003629	-0.0156340843375908	-0.0059191787278291	0.00810459539228847	-0.0152121542105559
0	0.5	0	0.5	13	0.13501221537448	-0.00203743830447532	-0.0119974962362863	0.00545389203786603	0.00703555579160141	0.00858794262829107	0.111826980370793	-1.36262792226444e-05	-0.0101629784275707	-0.00572432886896239	0.00684706138987862	-0.00947879130139272
0	0.363636363636364	0	0.363636363636364	13	0.121821535376679	-0.000630213957712727	-0.00890557681849657	0.00575831764144778	0.00676005408816778	0.00698055354715815	0.103595777344422	0.00273043427085754	-0.0065664784520829	-0.00615735947394942	0.0070603976139936	-0.00654673058296383
0	0.285714285714286	0	0.285714285714286	13	0.112858422823483	0.000155019410985376	-0.0074432844452645	0.00613437507559305	0.00484043263407379	0.00628366179621853	0.104102745503966	0.0029757120277522	-0.00531658838524428	-0.00648374869725007	0.00773237640069653	-0.00424011840578084
0	0.8	0	0.8	22	0.174961486051721	0.00195936502239209	-0.0235402865557822	0.0167897843162594	0.00166270273204743	0.0171630801013327	0.160806734952279	-0.00281923012180526	-0.0260444020955882	-0.0153555517674535	0.000176286810338218	-0.017011366380847
0	0.5	0	0.5	22	0.157793575153686	-0.00323720872020099	-0.018110514415566	0.0154509399308932	0.00023996019438957	0.0121972856571237	0.131996830655517	-0.00574350247550896	-0.0184382023969316	-0.012922789874499	0.00138648866690696	-0.0138446536763398
0	0.363636363636364	0	0.363636363636364	22	0.145193229536179	-0.00379872030241062	-0.0153068585416381	0.0150107614260641	0.000528903536789451	0.010259324380396	0.13487858906445	-0.00476030103715478	-0.0137626776619994	-0.0130700738058886	0.00246456357108452	-0.00912812943753735
0	0.285714285714286	0	0.285714285714286	22	0.137116169660439	-0.00301048630334103	-0.0139208117970617	0.014623543915298	0.000730470757201874	0.00889087612888701	0.132241821838149	-0.00471056280028347	-0.0127371030304676	-0.0142682595878694	0.00245823392487761	-0.00951448317074898
0.848528137423857	0.848528137423857	0.848528137423857	0.848528137423857	22	0.0840949108687667	-0.00977541241215594	-0.0454952501279053	0.0102558551292519	0.00520173244052061	0.0184663853743461	0.0554043622769379	-0.00398879049727771	-0.0413789147042	-0.00800590825631197	0.000568292490294374	-0.0192125956087858
0.530330085889911	0.530330085889911	0.530330085889911	0.530330085889911	22	0.120177598853059	-0.00618613847034969	-0.0223850909142521	0.012962965373798	0.00480742747847075	0.0125732547530671	0.090287308792978	0.000560049291510984	-0.026523733575632	-0.0110602029268235	0.00214219448294021	-0.0147464634196553
0.385694607919935	0.385694607919935	0.385694607919935	0.385694607919935	22	0.133447906713587	-0.00385003729787728	-0.0153474086069208	0.0130914053168242	0.00407198103863295	0.00969327241507409	0.108601828903023	0.000899069628091291	-0.0162568095745739	-0.0128785186020265	0.00134060969242068	-0.0112167586417466
0.303045763365663	0.303045763365663	0.303045763365663	0.303045763365663	22	0.133507972832421	-0.0025927176417121	-0.0127517417706646	0.0130618961024533	0.00180208458160393	0.00781407649444612	0.118679634448334	-0.000147284313501432	-0.0123109944591364	-0.0135750575831528	0.00111384802694404	-0.00837234466348336
1.03923048454133	0.6	1.03923048454133	0.6	22	0.0254715455537726	-0.00791784805333886	-0.0350138468225485	0.0042186507387175	0.00336006638317422	0.0114696432222767	0.0104086333990841	-0.00781040638517334	-0.0315105400093978	-0.003294912248191	-0.00188045747804211	-0.0124929998503746
0.649519052838329	0.375	0.649519052838329	0.375	22	0.0923487406976549	-0.00609301402010773	-0.0158678756537715	0.0115352335859858	0.00345253757833165	0.00829568101033396	0.0667585807448596	-0.000797956496443734	-0.0196064354364268	-0.00950212414363591	0.000798296181478616	-0.00984890315714392
0.47237749297333	0.272727272727273	0.47237749297333	0.272727272727273	22	0.11759039312498	-0.00384404180013401	-0.010053581658752	0.0127770479440701	0.00296603918608252	0.00645740123565429	0.0883896809050435	-0.000399795376300228	-0.0125071984709674	-0.0115364576457959	0.000422662886319305	-0.00734995649395528
0.371153744479045	0.214285714285714	0.371153744479045	0.214285714285714	22	0.128940359711872	-0.00264045447018621	-0.00800336572111259	0.0130999949030072	0.00248073493664019	0.00544815335533786	0.101191698004766	-0.000801419250293887	-0.00884277587076648	-0.0126879707943114	-0.000326568427061731	-0.00550152806447046
0.6	1.03923048454133	0.6	1.03923048454133	22	0.140041083649934	-0.00497622758574259	-0.0514187637052176	0.0138879287259985	0.00631179966007695	0.0250515716102697	0.0984345102185521	0.00156266952790507	-0.0471951914721043	-0.0112808965607073	0.00382540975099498	-0.0244626491757546
0.375	0.649519052838329	0.375	0.649519052838329	22	0.14756918190534	-0.00228886765794825	-0.028860826326178	0.0134731629876147	0.00525137620838128	0.0163860522906229	0.119177812841783	0.00281180701531517	-0.0256322852710577	-0.0125298196159459	0.00336114095597419	-0.0187739211294152
0.272727272727273	0.47237749297333	0.272727272727273	0.47237749297333	22	0.142639889639752	-0.00171432812559737	-0.0210441910182682	0.0130327800103231	0.00276892518784502	0.0123866249153363	0.12818341976255	0.000663285697398267	-0.0177406753320353	-0.0135020548542321	0.00255270622979135	-0.0127129128621905
0.214285714285714	0.371153744479045	0.214285714285714	0.371153744479045	22	0.135972645694169	-0.00195138593208081	-0.0178306952140479	0.0132328118637249	0.000754419373927363	0.00980076770403704	0.127627922836574	-0.000662578662224991	-0.0155834669186157	-0.0136324936800869	0.00169269534155071	-0.00912228293160742
0.6	1.03923048454133	0.6	1.03923048454133	31	0.163218808504052	-0.00151813693075425	-0.0706228315125289	0.0237040990222772	-0.000463558612034327	0.0244965772176632	0.125267729890785	-0.000584635351281526	-0.0595648372044417	-0.0200363033402855	0.000387927919195101	-0.023155619921228
0.375	0.649519052838329	0.375	0.649519052838329	31	0.151568943524867	-0.00358044436457662	-0.043772234950208	0.0234253934806915	-0.00148376435904414	0.0158315136596983	0.144671436886928	0.000711963715543037	-0.0348781481987418	-0.0228823436864211	-0.00262818848787564	-0.0156227915779428
0.272727272727273	0.47237749297333	0.272727272727273	0.47237749297333	31	0.143969232049405	-0.0043027051500307	-0.0325118655202157	0.0232921293927829	-0.000989384056008173	0.0117878594057143	0.146584266983291	0.00159660497091902	-0.0282017381840715	-0.0238718283872836	-0.000737718565956052	-0.0121174513724503
0.214285714285714	0.371153744479045	0.214285714285714	0.371153744479045	31	0.137424282961341	-0.00380721993474527	-0.0270706141647768	0.0229891096572935	-0.000726978093649757	0.00928950051165906	0.134143275505481	-7.23441385948393e-05	-0.0249865839169667	-0.0230824060252148	-0.000306799802441554	-0.00896349693190509
0	1.2	0	1.2	31	0.188659114956165	-0.00865386105132654	-0.0559032023188744	0.0298251252040959	-0.00457086036015392	0.0194351087763466	0.172856180726764	0.00195873955031017	-0.0565307333002732	-0.0291470294583389	-0.0031824907374799	-0.020481405780917
0	0.75	0	0.75	31	0.177324234413223	-0.00361400032882541	-0.0280326732891875	0.0278263021028808	-0.00324464756402436	0.0128919528541563	0.16169220736838	-0.00071493983976994	-0.0328610156382935	-0.0259733356401934	-0.00137106875359638	-0.0134781780065926
0	0.545454545454545	0	0.545454545454545	31	0.164374593664328	-4.50714876912515e-05	-0.022852212687143	0.0266638877954237	-0.00151342516438006	0.010097179732453	0.144125380434618	-0.00210283005132219	-0.0296979709083252	-0.0234380024099715	-0.00218922492242185	-0.0103436152421745
0	0.428571428571429	0	0.428571428571429	31	0.153891799805653	0.000383610784145921	-0.0208236556322608	0.0255347718839488	-0.00130134379287247	0.00708082368419934	0.125505748084784	-0.00285948917801794	-0.0284964893655924	-0.021914582837413	-0.000804646133005926	-0.0100094455014833
1.3856406460551	0.8	1.3856406460551	0.8	31	0.0631385134991644	-0.0141293240691646	-0.0731625376461906	0.0126143053717209	0.00530190215391021	0.0216354046968108	0.0329244926399941	-0.0126005512423689	-0.0632332409100798	-0.0096996074321615	-0.00235925310084383	-0.0216139449466959
0.866025403784439	0.5	0.866025403784439	0.5	31	0.128614370158696	-0.0101596481407275	-0.0335489723611289	0.0210705176482789	0.00487232223023251	0.0138086166670772	0.102223456736108	-0.00212616587468154	-0.0368185216322965	-0.0189933365985308	0.000698008177292561	-0.0153036575329028
0.629836657297773	0.363636363636364	0.629836657297773	0.363636363636364	31	0.139036046983626	-0.0047833693989551	-0.021855984999104	0.0213543994258978	0.00164465474349783	0.00957549020066044	0.127035316352403	-0.000822095085921137	-0.0233514910314358	-0.0218259260643043	-0.000173686430394345	-0.0105765966701348
0.494871659305393	0.285714285714286	0.494871659305393	0.285714285714286	31	0.134777849960475	-0.00298162872781335	-0.0175545975508408	0.0214333893250952	-1.16769531868826e-05	0.00641680369519828	0.132651028338226	-0.00152978082678987	-0.0170871093195086	-0.0228100313923572	-0.000388283710981141	-0.00691936592653709
1.3856406460551	0.8	1.3856406460551	0.8	34	0.092419297218251	-0.0174987282196228	-0.0804667508111205	0.0186439481889815	0.00663843028660716	0.0237877811595923	0.0575876904833102	-0.0103814984392213	-0.0717574872339413	-0.0149641997385694	-0.00116119868553456	-0.0240299447363174
0.866025403784439	0.5	0.866025403784439	0.5	34	0.13832504204188	-0.00835161334939942	-0.0363206300398253	0.0245765339137387	0.00314576099865921	0.0133309536904192	0.118749142117737	-0.00343475091282193	-0.0382577262789895	-0.0235674610729344	-0.000252041144062891	-0.014733167027307
0.629836657297773	0.363636363636364	0.629836657297773	0.363636363636364	34	0.138262565686369	-0.00400991858865243	-0.0252281376488948	0.0245577143355436	9.7640970820552e-05	0.00853168976618548	0.135287016625771	-0.00186562485378964	-0.0243605119693776	-0.0256311264988638	-0.00130805234761471	-0.00966965873241747
0.494871659305393	0.285714285714286	0.494871659305393	0.285714285714286	34	0.13368199401715	-0.00318190046808755	-0.0204859646809229	0.0249518636181624	-0.000405490456747956	0.00649892721597289	0.137588029389759	-0.00255345677345799	-0.0174771173642147	-0.0266101509308163	-0.000534289328183797	-0.00613984024046209
1.13137084989848	1.13137084989848	1.13137084989848	1.13137084989848	22	0.0543252569744411	-0.00797164198181907	-0.0651632969394081	0.00736692807425285	0.00273426611839903	0.0207431450480763	0.0149082143642366	-0.0106740155445555	-0.0504467798252799	-0.00451412075447273	-0.00281029261909052	-0.0184318696247933
0.707106781186548	0.707106781186548	0.707106781186548	0.707106781186548	22	0.101166743183093	-0.00917096216406357	-0.0344260590990578	0.0118574594059738	0.00542012317585922	0.0161617714499181	0.0694634521235977	-0.00156243997874004	-0.0370706422386454	-0.00922845641649994	0.00160967671611713	-0.017528726584057
0.51425947722658	0.51425947722658	0.51425947722658	0.51425947722658	22	0.122958947442114	-0.00598973747533603	-0.0216344311756086	0.0131383420639024	0.00490556095207752	0.0124895850414296	0.0943150526782282	0.000888814753224003	-0.0254533166280816	-0.0114416076327313	0.00214306210845348	-0.0148054809503803
0.404061017820884	0.404061017820884	0.404061017820884	0.404061017820884	22	0.130744790790782	-0.00373364697382364	-0.0167826314284242	0.0133522089584887	0.00354286924645552	0.00981865509357507	0.10649245265534	0.000536541657476691	-0.0178728604191105	-0.0129239367376753	0.00136344258787207	-0.0119611531167652
1.13137084989848	1.13137084989848	1.13137084989848	1.13137084989848	31	0.138028718440635	-0.0134280890240627	-0.0927411954754969	0.0212274087874415	0.00684728542021757	0.032215259846398	0.0864504654596893	-0.00894495016566605	-0.084342466283994	-0.016753715823026	0.000265173606452247	-0.0315945735208848
0.707106781186548	0.707106781186548	0.707106781186548	0.707106781186548	31	0.145857270864004	-0.00606464949217938	-0.0474364670829625	0.0220206695045031	0.00229418971480387	0.0180166359713319	0.1223797749552	-0.00293750440057719	-0.0469586521219971	-0.0199253452549772	0.00045466779548965	-0.0198732621977542
0.51425947722658	0.51425947722658	0.51425947722658	0.51425947722658	31	0.142531771162298	-0.00429284874689863	-0.0337142310851345	0.0220473389559964	-0.000232683152299143	0.012361619331264	0.134361480651372	-0.000946975785929863	-0.0312590038327165	-0.0220634768417975	-0.00159292314568448	-0.013903004868463
0.404061017820884	0.404061017820884	0.404061017820884	0.404061017820884	31	0.136471567578052	-0.00451282916731532	-0.0274095550354224	0.0223520613482212	-0.000592126909577287	0.00955890469650584	0.139884450092622	-0.00280631046362957	-0.0242046984199925	-0.0233114022965161	-0.000962380418751057	-0.00964030726528346
1.54548132206251	0.414110472164033	1.54548132206251	0.414110472164033	34	0.0422236612773517	-0.0159727950756871	-0.0484375385462818	0.0108747176004485	0.00468321172994221	0.0119511198549746	0.0338864687566436	-0.0156040087691281	-0.0268176406355189	-0.0121602119748782	-0.00814155309818615	-0.00873479481567262
0.965925826289068	0.258819045102521	0.965925826289068	0.258819045102521	34	0.125338911370105	-0.00818339594340642	-0.0201888891396682	0.0239610202902877	0.00316918716269201	0.00743905132689808	0.104141842126753	-0.00488179446653293	-0.0143828171337834	-0.0236780952629397	-0.00771785004946292	-0.00482394551964622
0.702491510028413	0.188232032801833	0.702491510028413	0.188232032801833	34	0.136920196781791	-0.00363489866035654	-0.0138833921777654	0.0242050970201032	0.00103574390365116	0.00506778362216844	0.126262347479558	-0.00217201941011926	-0.00879367373059398	-0.0263231843134888	-0.00678757659838751	-0.00213127322754028
0.551957615022325	0.14789659720144	0.551957615022325	0.14789659720144	34	0.132865143856815	-0.00168652128968299	-0.0112765732301299	0.0243302044412874	6.88642745303024e-07	0.00333834915377604	0.133647101505064	-0.00110899273626787	-0.00792700642830475	-0.0261349604313275	-0.00011301449954605	-0.00280594267244238
0.8	1.3856406460551	0.8	1.3856406460551	34	0.175209570509105	-0.00237482453264034	-0.110763287951174	0.0286326843742297	-0.00182489905521809	0.0325886100697449	0.118289885385738	-0.00383264740996102	-0.0845313133221744	-0.0228020173633357	-0.000191411162619128	-0.0287652563897942
0.5	0.866025403784439	0.5	0.866025403784439	34	0.157760594840049	-0.00300478889589005	-0.0661942033735525	0.0280581032946726	-0.00254971922820624	0.0198681467954122	0.130277986569784	-0.000810401429976669	-0.0601602380835502	-0.0255043787553755	-0.00255732001848071	-0.0184891966484654
0.363636363636364	0.629836657297773	0.363636363636364	0.629836657297773	34	0.149601508778269	-0.00442482357081256	-0.04798881502701	0.0280343789465615	-0.00162958119138548	0.0145277850159236	0.146440957443413	0.00133178591809829	-0.0401765014813211	-0.0274878301334616	-0.00241222773717374	-0.014410921925446
0.285714285714286	0.494871659305393	0.285714285714286	0.494871659305393	34	0.142458194563758	-0.00443488206257047	-0.0391742656059153	0.0276190177855017	-0.000740944071706328	0.0116752975361436	0.141010908338177	0.00253131093591409	-0.0345274617691489	-0.0281648673382213	-0.000689631914314634	-0.0112336450394384
2	0	2	0	40	0.00936419120914063	-0.0078677913312987	-0.00337065173067044	0.00804332885490498	0.00217096021891474	0.00072807559023777	0.013189364689457	-0.000990450164550471	0.011580581955854	-0.00920615423103565	0.000116491339379571	0.00292961679673031
1.25	0	1.25	0	40	0.123918975577322	-0.00374190344150566	-0.0001244651706534	0.0311642514829686	0.00106327540721514	0.000445868941207045	0.120538183922055	0.00132036159071346	0.00648610623557732	-0.0318997987144933	0.000410248904887331	0.00214148611599876
0.909090909090909	0	0.909090909090909	0	40	0.133262187476003	-0.00145280299663905	-0.00194562631970382	0.0309294468477697	0.000560330067400304	0.000500177578351244	0.138366787239363	0.00161939925660579	0.00498879823440624	-0.0335694845006846	0.00104650905131238	0.0014972497641274
0.714285714285714	0	0.714285714285714	0	40	0.130691060505388	-0.000864857968087409	-0.00156206619532945	0.0312377985286947	0.000233352530861983	0.000378917839610951	0.139043996321005	0.000923038919824042	0.00420580554076374	-0.0341216385676244	0.000901768337474366	0.000976152097832275
1.93185165257814	0.517638090205041	1.93185165257814	0.517638090205041	40	0.0428753388157251	-0.020808301865638	-0.0776287451233636	0.0139857097592912	0.0059392678232112	0.0166478516672895	0.0220550337551239	-0.0085050108198614	-0.0582057143678772	-0.0119186816447711	-0.000139290361786665	-0.0147109803672721
1.20740728286134	0.323523806378151	1.20740728286134	0.323523806378151	40	0.130205700500041	-0.0103701368124402	-0.0322635571203491	0.0312026772386266	0.00305249037243977	0.00924998074144168	0.119598768179238	-0.00179815025421082	-0.0271445229273325	-0.0314910094720994	-0.000116371501044901	-0.00871425307501819
0.878114387535517	0.235290041002292	0.878114387535517	0.235290041002292	40	0.135336545719615	-0.0036774951430801	-0.0221577318240842	0.0312180777404597	0.000184746812587583	0.00538964089861269	0.136840643954651	-0.00180077637258734	-0.0160015980095571	-0.0331934341950192	-0.00107617469452453	-0.00508292706744582
0.689947018777906	0.184870746501801	0.689947018777906	0.184870746501801	40	0.130771564443935	-0.00195185138643596	-0.0178907282027758	0.031455836870329	-0.000292554142484292	0.00415561603921051	0.136549779560064	-0.00295313396345944	-0.0112071757524888	-0.0337740212007097	-0.00100120612451611	-0.00291852779367218
0.142857142857143	0.247435829652697	0.181818181818182	0.314918328648887	22	0.133549535509532	-0.00213392572837024	-0.0117665659884843	0.013023726034132	0.00017780067598831	0.00721946266894959	0.135382012356382	-0.00136988184787406	-0.0148809196803031	-0.0136552978022328	0.00141997335245627	-0.00818640700770613
0.202030508910442	0.202030508910442	0.25712973861329	0.25712973861329	22	0.133588451505061	-0.00176636448448171	-0.0089078826563907	0.0128426789836889	0.000341168808828198	0.00559109557452952	0.115329824819325	-0.00322754517392082	-0.0132127818619872	-0.0129999050503528	0.000224571450286278	-0.00737134918329416
0.272727272727273	0.47237749297333	0.375	0.649519052838329	22	0.142153771816367	-0.00171558845469301	-0.0209523564637244	0.0130350762255955	0.00268738640977719	0.0124388020268347	0.121933524274593	0.00129096516722518	-0.0261045047429124	-0.0133624606042343	0.00454694175828861	-0.0177172948056589
0.303045763365663	0.303045763365663	0.385694607919935	0.385694607919935	22	0.1335895698239	-0.00257972097121077	-0.0126899777544715	0.0130568289817238	0.00178801062221871	0.00771651014603878	0.10439850937241	-0.000474481488207555	-0.016670806993931	-0.0129171835743599	0.00144694423122345	-0.0109685632119659
0.371153744479045	0.214285714285714	0.47237749297333	0.272727272727273	22	0.129026029232378	-0.00265134717149107	-0.00797283651546863	0.0131016336487896	0.00247383944730474	0.00542310576656368	0.0715512449556802	-0.00225757823970268	-0.0116332541992006	-0.0104226416364835	-0.00148667796702073	-0.0064200595055872
