VELOCITY MPS	ROTOR PITCH ANGLE DEG	TILT ANGLE DEG	PROP 2 RPM	PROP 6 RPM	HOVER PROP RPM	PROP2_FX	PROP2_FY	PROP2_FZ	PROP2_MX	PROP2_MY	PROP2_MZ	PROP6_FX	PROP6_FY	PROP6_FZ	PROP6_MX	PROP6_MY	PROP6_MZ
0	9.9	90	500	500	NaN	582.5365083	-4.213808267	-0.664851571	94.28951783	2.160835676	23.58945961	575.5733567	-3.196907256	2.554604707	-91.51610239	7.153490911	15.57817044
0	9.9	90	800	800	NaN	1513.900589	-11.06080317	-1.455450564	244.5897428	4.145254525	61.32036794	1495.466367	-7.971497428	7.355539533	-237.3785278	16.59578387	44.14046911
0	9.9	90	1100	1100	NaN	2916.306017	-21.36900489	-3.070936491	473.81514	6.826658233	119.778728	2882.300194	-14.82607389	16.13669089	-459.7922972	30.59422288	89.73272917
0	9.9	90	1400	1400	NaN	4850.244539	-35.70234572	-6.078796027	796.6055356	13.81612344	207.2708989	4793.528233	-23.69118922	30.12003978	-772.3600833	47.37616946	158.5518049
10	9.9	90	500	500	NaN	747.8490233	-8.080268234	-54.50712728	84.48095711	152.2447161	111.2557101	609.8481733	-4.130743949	-52.56393367	-88.10291361	127.2048082	-141.5779681
10	9.9	90	800	800	NaN	1713.887806	-0.611772169	-84.50713556	229.0549817	314.330565	216.2323933	1413.331061	-12.95449396	-65.64283422	-237.5455117	266.17578	-179.8207974
10	9.9	90	1100	1100	NaN	3152.800617	-11.12536857	-125.0016867	452.6959422	454.7634411	355.9198278	2710.309178	-16.11853541	-79.30255111	-436.6556489	436.6805394	-329.405925
10	9.9	90	1400	1400	NaN	5135.10485	-20.98008398	-159.7532711	772.7982794	608.3924889	526.5181994	4522.877183	-26.69235037	-99.857036	-727.2563928	605.8998633	-427.9371378
10	13	90	500	500	NaN	870.834515	-7.00475521	-67.19029272	117.2132172	145.9367633	149.7281785	748.7055494	-15.57193732	-58.06538094	-129.2628444	136.1718875	-160.3049071
10	13	90	800	800	NaN	2037.200039	-0.940124867	-109.2422151	318.7057978	284.8418222	302.4870306	1708.414856	-23.200414	-80.67771178	-334.1746611	243.25786	-251.0732656
10	13	90	1100	1100	NaN	3801.963789	-11.67613965	-160.6568389	628.6324089	400.8511156	483.0723667	3271.366017	-19.24167529	-109.1147526	-617.6567878	330.2640378	-465.22264
10	13	90	1400	1400	NaN	6225.785972	-24.62263764	-223.2327717	1078.170433	506.2970878	709.7978611	5455.197156	-28.96797693	-159.4791122	-1039.193726	429.2708678	-596.8381933
10	9.9	75	500	500	NaN	637.2082628	0.015610612	-58.10748889	94.08750456	109.9191874	111.5788561	513.9456889	1.069718023	-54.66538928	-90.30177244	105.5457408	-133.8405367
10	9.9	75	800	800	NaN	1582.791172	-9.210885861	-89.11778394	241.1226622	238.8987017	197.6560483	1332.941778	4.743953084	-95.15237589	-249.4779217	193.2008611	-198.2139839
10	9.9	75	1100	1100	NaN	2994.786	-13.98066749	-117.5666956	467.0611761	368.4863111	304.0278072	2714.695583	9.047358696	-107.1111497	-457.8930161	348.7700333	-320.1762472
10	9.9	75	1400	1400	NaN	4948.672539	-4.193926326	-158.6488417	786.8557989	519.2516544	445.4783783	4673.656256	8.440156581	-178.5130933	-758.55851	551.1643517	-501.5075128
10	13	75	500	500	NaN	781.73646	-1.025673602	-68.74233217	127.795555	115.4459348	147.4177939	645.7805722	5.174418519	-63.83942583	-125.6423083	97.8370155	-166.1676872
10	13	75	800	800	NaN	1938.809711	-10.26885701	-108.6837674	329.3757617	237.9476506	267.7727306	1745.986506	22.46305165	-104.2428816	-351.0590211	236.0052511	-236.7119294
10	13	75	1100	1100	NaN	3688.867506	-15.75888492	-153.0311594	640.5912189	361.7357544	413.6552372	3383.303917	25.67286406	-122.2755147	-648.5002433	344.7123822	-375.4008411
10	13	75	1400	1400	NaN	6115.395883	-5.025592423	-213.4607583	1087.082383	504.2205117	611.6538078	5747.622561	43.32703864	-196.0948383	-1063.643061	542.1926372	-606.9103089
10	9.9	60	500	500	NaN	527.8742517	-8.212477013	-51.37163333	94.89645072	75.361761	91.75958039	377.2778489	7.50583355	-49.04986578	-84.64782433	37.00184731	-109.0726595
10	9.9	60	800	800	NaN	1437.4095	-17.47808779	-77.3817495	244.1185022	174.4760644	161.2480267	1071.293349	-10.92507549	-88.85005728	-231.4365861	105.5515976	-175.2051933
10	9.9	60	1100	1100	NaN	2809.961367	-21.19475205	-100.4119189	470.5699694	285.07198	246.7338761	2377.534306	-6.934227705	-132.4169474	-453.1035867	137.3041347	-236.0556894
10	9.9	60	1400	1400	NaN	4709.617789	-27.24199822	-128.4094228	789.1437256	412.3243411	356.92106	4373.101939	-21.4780255	-235.9838256	-778.7652378	206.7763601	-463.4449117
10	13	60	500	500	NaN	681.6571172	-10.54151493	-61.89859322	131.6858428	85.17573894	122.0530572	548.0319922	4.138400476	-62.33124478	-127.9793267	46.24574905	-140.8518088
10	13	60	800	800	NaN	1813.147533	-18.53911843	-93.110573	336.4839728	183.655655	218.0529133	1485.690639	-0.428478659	-109.0010515	-340.5882767	119.917582	-213.9467367
10	13	60	1100	1100	NaN	3526.665922	-22.44544856	-126.5521128	648.94468	292.0392911	340.0736206	3084.711172	5.157635097	-145.9289756	-645.1489189	200.001896	-263.7605783
10	13	60	1400	1400	NaN	5908.139189	-28.12254956	-167.1205233	1092.835356	421.3054706	494.5028867	5281.9253	-7.336599522	-273.5267989	-1064.845494	122.9520802	-537.2150694
20	9.9	75	500	500	NaN	684.4468733	6.813607848	-123.3771983	102.2523589	107.8388444	224.1716711	476.5519306	4.484019279	-118.2362756	-91.03931778	91.93609683	-231.9865283
20	9.9	75	800	800	NaN	1708.793006	9.694896897	-191.2446972	248.5410039	295.3034889	363.9756011	1379.816339	31.41533799	-158.4644011	-245.5572683	274.6976324	-404.1977533
20	9.9	75	1100	1100	NaN	3180.268294	-11.40056846	-256.665315	472.6339522	555.6519744	528.9050961	2603.174528	41.99775019	-231.1568456	-468.6128356	410.5012078	-611.582545
20	9.9	75	1400	1400	NaN	5164.290078	-34.75323778	-334.5518928	791.3121639	862.9313389	742.0337894	4117.332194	38.65100147	-334.0618639	-785.2581433	559.9693426	-768.5635611
20	13	75	500	500	NaN	849.396085	5.601899247	-144.8398289	138.6509472	120.9011549	282.8829589	631.8237689	13.00859875	-139.1181917	-127.7033706	107.4296315	-304.5188172
20	13	75	800	800	NaN	2088.417778	9.440204949	-233.6141267	337.3687217	317.0247828	475.0017522	1761.65295	7.522983331	-188.8219517	-344.4088228	324.9874767	-515.3850422
20	13	75	1100	1100	NaN	3897.581306	-18.98108431	-311.8823628	646.6669228	583.36777	710.9914767	3340.529844	52.34099849	-271.2371489	-667.7934317	413.0066327	-751.6545678
20	13	75	1400	1400	NaN	6352.253028	-40.44035714	-413.827825	1093.729372	884.1878172	1011.257702	5546.84515	96.45429161	-388.1563822	-1143.760583	739.517955	-932.4643
20	13	60	500	500	NaN	573.1956806	-16.06392158	-149.6668594	129.7423806	95.11784006	227.8789139	375.7289867	5.9486247	-142.4952122	-98.95378744	59.2345975	-242.3162472
20	13	60	800	800	NaN	1729.534878	-29.78917422	-214.2086689	346.2707278	236.8583789	391.0530728	1257.902417	28.91707526	-194.0822611	-309.1122183	122.7041176	-452.35736
20	13	60	1100	1100	NaN	3459.38115	-54.18082167	-279.8197144	662.9024478	430.52184	581.4341478	2833.988667	14.09402282	-274.3407222	-649.6445561	255.6704396	-652.3305006
20	13	60	1400	1400	NaN	5841.045967	-82.60482867	-358.0816417	1109.368661	676.4101883	825.9643194	4791.293583	-8.871974967	-372.6533506	-1101.873439	444.8819751	-831.4459717
20	22	60	500	500	NaN	1021.128391	-17.43319956	-214.5528367	283.203145	112.8372413	362.5161983	811.1725239	18.9266005	-209.3178183	-253.4835411	74.14376006	-406.4582894
20	22	60	800	800	NaN	2563.117161	-30.14854268	-344.9799828	696.0084317	139.7750512	637.8985517	2333.330572	-0.942369703	-295.0416344	-723.5094294	140.3319319	-622.6708389
20	22	60	1100	1100	NaN	4791.438861	-79.14256154	-498.135725	1353.475239	109.5466658	967.6451044	4529.514383	-10.55739008	-453.08866	-1386.609856	84.69756557	-866.32366
20	22	60	1400	1400	NaN	7726.7257	-122.9865373	-688.452075	2303.925367	34.59200767	1288.964167	7599.769439	-60.52600895	-675.0469239	-2365.807611	68.18762532	-1165.649484
20	13	45	500	500	NaN	284.9701067	-31.06990322	-116.1683283	83.872971	61.48936117	154.8651294	152.7979059	-8.768432824	-127.9460311	-55.87201728	16.369424	-182.4959461
20	13	45	800	800	NaN	1330.767561	-48.23994517	-165.2205789	319.0866861	164.8862217	284.1442422	862.415555	5.862448289	-185.6475622	-248.6765067	78.53355303	-360.2860889
20	13	45	1100	1100	NaN	2987.133739	-75.39401267	-214.1508944	647.6524594	304.7393117	429.6034172	2064.884744	4.908901845	-241.2617228	-562.5824072	9.627072614	-504.7869528
20	13	45	1400	1400	NaN	5297.423372	-91.81045872	-268.3020083	1099.751322	482.71863	616.5483894	4007.350872	-25.85726809	-327.3827078	-1023.333405	-23.0565742	-616.81731
20	22	45	500	500	NaN	806.1405517	-47.30201828	-170.0503322	267.5989589	101.5648099	276.7358456	597.5016656	0.815724656	-201.2598406	-223.2503111	43.885704	-320.4637717
20	22	45	800	800	NaN	2428.619772	-62.58517678	-249.1017172	702.8383356	200.8409894	481.6769433	2021.910906	3.270556001	-262.4674583	-709.3211617	65.23816829	-542.2962828
20	22	45	1100	1100	NaN	4790.397933	-83.05238744	-358.794595	1342.803722	252.0647906	746.8645306	4338.333239	3.722688264	-380.1479372	-1416.254656	132.3633765	-729.98731
20	22	45	1400	1400	NaN	7711.908683	-104.5672141	-523.3536222	2270.477972	60.42045616	1012.311849	7213.227067	-100.6393321	-584.3990694	-2349.820028	84.97642859	-1045.415027
20	13	90	500	500	NaN	1107.540656	-37.6434546	-128.2218656	111.6224627	139.4832512	295.3085372	977.9760372	2.781990359	-108.7058534	-123.7804328	169.4813371	-318.1128867
20	13	90	800	800	NaN	2436.92275	-36.775041	-216.550565	297.1940133	383.3821878	467.9750017	2018.437456	-0.245949522	-183.4381672	-311.9306833	373.1107326	-516.5192139
20	13	90	1100	1100	NaN	4241.203467	-21.9408302	-310.0466856	608.4887783	714.3435478	737.6440072	3606.675689	95.05977133	-228.6112311	-650.6560383	746.0812317	-691.8013806
20	13	90	1400	1400	NaN	6530.5002	8.970126191	-430.7021961	1084.631428	855.8468133	1111.027119	6023.857	172.1881939	-307.6419167	-1146.404894	1367.177317	-749.7040244
20	22	90	500	500	NaN	1216.530322	13.6237238	-163.6787217	351.1039056	34.77003707	358.9101767	1118.110468	-19.60247941	-181.0901678	-321.1115817	3.686467107	-355.7375761
20	22	90	800	800	NaN	2848.118239	-58.43047279	-326.8883817	841.9541156	13.07593416	664.6556717	2382.496122	-103.6681889	-332.8030339	-704.1899178	75.55267476	-754.4242094
20	22	90	1100	1100	NaN	5054.88645	-132.252033	-532.9066106	1586.206328	55.88991212	1084.115908	4695.783367	-165.7293614	-479.1461217	-1381.131389	260.4335797	-964.5810939
20	22	90	1400	1400	NaN	7934.16345	-174.2003912	-805.5213067	2585.618767	129.1560315	1572.014028	7652.111578	-272.5745278	-737.0265489	-2522.800217	434.6453778	-1682.275267
30	22	45	500	500	NaN	584.7230228	-67.96973367	-316.3344833	214.46796	108.7773697	386.1645811	385.2338489	-27.73458718	-287.7130594	-167.4176156	11.883995	-401.7691489
30	22	45	800	800	NaN	2169.163167	-111.6576121	-404.0429761	706.379165	261.9668039	685.1430161	1629.654	10.10869169	-478.7440128	-602.6936494	116.7326693	-803.5657133
30	22	45	1100	1100	NaN	4645.974317	-134.0386286	-534.3183567	1383.385517	430.2914361	1024.300474	3780.960828	31.30101104	-565.9790522	-1360.889506	141.6639381	-1185.289209
30	22	45	1400	1400	NaN	7725.376817	-150.0264017	-737.8736128	2309.500617	318.6302678	1381.622878	6867.341906	-8.522538369	-712.3699744	-2400.23375	196.9417522	-1480.331417
30	22	30	500	500	NaN	177.1070206	-55.05384333	-243.4559017	88.21940311	70.26489489	239.8504028	72.37260283	-54.30678722	-219.0969467	-68.90240739	-39.32367161	-261.2505889
30	22	30	800	800	NaN	1666.862117	-109.9767487	-286.409545	628.5790661	188.1360122	452.0490533	1204.968778	-14.40283262	-353.8892272	-517.7906694	43.50083286	-536.687385
30	22	30	1100	1100	NaN	4093.896711	-133.829896	-350.0143489	1350.166972	313.4251483	682.3618344	3077.2771	-13.91883242	-435.4367506	-1219.072211	44.66332692	-776.6792883
30	22	30	1400	1400	NaN	7461.074006	-152.7886711	-463.1110389	2316.236944	438.6238278	963.2991594	5855.410589	-46.37375256	-511.6831172	-2243.386117	-57.74123281	-972.7364511
30	22	60	500	500	NaN	973.7241517	-34.60036768	-357.5214556	290.4210039	131.9908267	523.8724017	684.4281511	10.86544763	-328.1544	-235.9033783	79.99604276	-511.5569983
30	22	60	800	800	NaN	2663.571556	-41.31325193	-520.9277106	734.1809028	286.1585011	892.9103489	2151.117383	50.75212243	-462.6536861	-682.7761444	183.1556186	-1023.030329
30	22	60	1100	1100	NaN	4965.9922	-59.68414671	-732.651215	1377.190506	292.5958604	1308.910472	4462.691778	23.09221921	-617.6396767	-1426.779378	269.747727	-1343.389736
30	22	60	1400	1400	NaN	7867.993967	-112.9160403	-1031.764894	2339.720583	133.3904355	1732.893822	7385.130456	-38.33980644	-901.7300728	-2410.389144	299.2889321	-1612.929539
30	31	60	500	500	NaN	1134.881934	-10.5558066	-491.0498756	495.6943811	-9.693825489	512.2664933	871.0030717	-4.065046818	-414.1621806	-418.9943256	8.112254747	-484.2247189
30	31	60	800	800	NaN	2735.765839	-64.62575481	-790.0733639	1276.498811	-80.8534312	862.6923761	2611.268283	12.85069333	-629.5382428	-1246.906889	-143.2155017	-851.3186722
30	31	60	1100	1100	NaN	5012.273111	-149.7982105	-1131.897052	2461.309056	-104.5494766	1245.638156	5103.315267	55.58562792	-981.8404389	-2522.566589	-77.9556629	-1280.46656
30	31	60	1400	1400	NaN	7951.992283	-220.3030126	-1566.428511	4064.751589	-128.5384865	1642.495622	7762.138311	-4.186159967	-1445.837069	-4081.247511	-54.24590178	-1584.854261
30	31	90	500	500	NaN	1311.771745	-60.17143892	-388.7023496	623.695799	-95.58472546	406.4222904	1201.891856	13.61937481	-393.0656554	-609.5156249	-66.55147597	-428.3022001
30	31	90	800	800	NaN	3200.639733	-65.2314281	-505.9798411	1516.31355	-176.8076494	702.5095439	2918.487172	-12.90441132	-593.1297133	-1415.341522	-74.71241135	-734.4541817
30	31	90	1100	1100	NaN	5722.68355	-1.569158928	-795.5972922	2817.607072	-159.9255697	1066.981876	5017.7094	-73.20979888	-1033.931618	-2476.723644	-231.3381931	-1093.023031
30	31	90	1400	1400	NaN	8904.877494	22.19745979	-1204.951158	4514.855344	-230.0932628	1251.974946	7262.3318	-165.4630127	-1648.936117	-3874.7623	-142.2711317	-1769.790571
40	31	30	500	500	NaN	439.0104239	-98.2430565	-508.7087878	263.7873006	110.8720945	452.4343461	228.9283461	-87.61329711	-439.6690761	-202.8358428	-49.33612978	-451.985585
40	31	30	800	800	NaN	2321.443906	-183.3780567	-605.5470889	1148.176689	265.503055	752.4604772	1845.09725	-38.37654227	-664.5612972	-1034.986738	38.03592922	-833.9283889
40	31	30	1100	1100	NaN	4840.524811	-166.5324839	-760.9137339	2256.546656	173.7927669	1011.854277	4422.720683	-28.62115075	-812.9796133	-2306.373478	-18.35366689	-1117.642476
40	31	30	1400	1400	NaN	7798.857667	-172.530561	-1015.788631	3789.681489	-2.064626022	1134.568211	7675.790122	-88.52005677	-988.7376417	-4033.088394	-68.65323863	-1223.427269
40	34	30	500	500	NaN	642.6035806	-121.6709686	-559.4959467	389.8777317	138.8212473	497.4443217	400.4148183	-72.18392987	-498.9392867	-312.9277228	-24.28270584	-502.5083878
40	34	30	800	800	NaN	2496.7181	-150.743668	-655.57453	1339.226867	171.4191131	726.43162	2143.380028	-61.99603952	-690.5384322	-1284.240372	-13.73425044	-802.841165
40	34	30	1100	1100	NaN	4813.596144	-139.6048783	-878.3148606	2595.045033	10.31784607	901.5545522	4710.002728	-64.9515258	-848.1085672	-2708.473867	-138.2235619	-1021.805186
40	34	30	1400	1400	NaN	7735.446472	-184.1191922	-1185.410828	4411.790139	-71.69559861	1149.088639	7961.467394	-147.7545898	-1011.305276	-4704.995317	-94.46879101	-1085.597735
40	22	45	500	500	NaN	377.7306872	-55.42787962	-453.0890106	154.0554167	57.17831123	433.7756283	103.6587836	-74.21783994	-350.7631233	-94.39820056	-58.76815901	-385.4427961
40	22	45	800	800	NaN	1826.023944	-165.5326244	-621.3781944	646.1378267	295.3538772	880.6888156	1253.79075	-28.20148917	-669.111985	-502.8779411	87.71465956	-955.1770672
40	22	45	1100	1100	NaN	4280.802344	-208.5320569	-753.2003617	1388.345383	518.37689	1319.7904	3283.568272	30.94398869	-886.1544422	-1209.049289	226.4601096	-1564.514078
40	22	45	1400	1400	NaN	7565.486572	-216.0457474	-971.11917	2360.831428	626.4219717	1736.056528	6162.136294	31.04673372	-1034.204764	-2285.107739	241.073078	-2114.875994
40	31	45	500	500	NaN	959.7319106	-93.36727661	-644.8417817	443.9024344	143.1887753	673.6777161	601.101505	-62.19541998	-586.4443083	-350.34965	5.545246272	-660.6980739
40	31	45	800	800	NaN	2632.672167	-109.464779	-856.2114583	1199.952456	125.0152082	981.7642728	2208.911667	-53.02091579	-847.5870672	-1085.773844	24.77580156	-1082.935729
40	31	45	1100	1100	NaN	4962.228067	-149.4550609	-1173.757278	2329.770461	-24.58792583	1306.2681	4677.780294	-32.9688587	-1088.278809	-2331.475772	-168.3262229	-1469.148278
40	31	45	1400	1400	NaN	7896.86385	-261.132763	-1586.041167	3952.113772	-104.6951723	1690.129528	8094.348711	-162.3858511	-1400.593628	-4121.736811	-170.160454	-1704.522483
40	34	15	500	500	NaN	293.5866939	-111.0609539	-336.7926033	227.4094622	97.93419011	249.9189256	235.6170931	-108.496734	-186.4665975	-254.2914094	-170.2541877	-182.6599149
40	34	15	800	800	NaN	2262.323033	-147.7074033	-364.4023106	1305.686239	172.6956539	405.3695056	1879.723428	-88.11466402	-259.6047638	-1290.269061	-420.5618326	-262.8669066
40	34	15	1100	1100	NaN	4766.861717	-126.5486004	-483.3487844	2557.783511	109.4483809	535.5191667	4395.809856	-75.61861886	-306.1507918	-2781.6045	-717.2518866	-225.2143635
40	34	15	1400	1400	NaN	7688.179817	-97.58977083	-652.5136706	4301.873306	0.121760335	590.260355	7733.427433	-64.17134942	-458.6925439	-4620.975911	-19.98232526	-496.124474
40	34	60	500	500	NaN	1218.255286	-16.51246865	-770.1517711	598.759765	-38.16184732	681.4851256	822.4851972	-26.64890367	-587.7573867	-476.8302678	-4.002743901	-601.5320789
40	34	60	800	800	NaN	2847.522956	-54.23537714	-1194.781966	1528.944883	-138.9395472	1082.65698	2351.471594	-14.62745927	-1085.871026	-1389.787078	-139.3537302	-1007.515095
40	34	60	1100	1100	NaN	5208.360211	-154.04975	-1670.725361	2962.428622	-172.1999254	1535.169594	5098.325961	46.36598148	-1398.740517	-2904.674111	-254.9031853	-1522.820522
40	34	60	1400	1400	NaN	8243.277239	-256.62239	-2266.800678	4883.375133	-131.0078397	2064.333283	8159.530694	146.4731312	-1997.915533	-4979.887911	-121.935232	-1986.2438
50	40	0	500	500	NaN	65.11045833	-54.70579233	-23.43658669	168.2001461	45.39859461	15.22534051	91.70739478	-6.886730816	80.52131594	-192.5168689	2.436038692	61.26343733
50	40	0	800	800	NaN	2236.693694	-67.54003406	-2.246552322	1698.205411	57.9401065	24.29633354	2175.6716	23.83205986	117.0719242	-1738.286922	22.35532307	116.6940689
50	40	0	1100	1100	NaN	4639.508522	-50.57917787	-67.73676811	3268.354144	59.21079374	52.85440341	4817.224606	56.37920849	173.6844664	-3547.330294	110.5859478	158.2162945
50	40	0	1400	1400	NaN	7562.377494	-50.04460449	-90.38823462	5523.219172	41.25953918	66.99723972	8045.716244	53.41121823	243.3669835	-6033.116839	159.4435077	172.5954528
50	40	15	500	500	NaN	298.1178939	-144.6828713	-539.7629183	292.4657772	124.2005311	348.1358444	153.3515628	-59.1364636	-404.71202	-249.2405856	-2.91280633	-307.6324606
50	40	15	800	800	NaN	2350.166856	-187.1773028	-582.3457983	1700.299311	166.3366011	504.0508467	2158.715478	-32.4559763	-489.9490411	-1716.011139	-6.341327109	-474.8579228
50	40	15	1100	1100	NaN	4711.727078	-128.0315923	-771.4190167	3298.854139	19.5224316	569.5302361	4764.092094	-62.693833	-557.0938894	-3507.592578	-113.7207542	-537.1193939
50	40	15	1400	1400	NaN	7567.035817	-112.9429736	-1035.238675	5561.770978	-51.72709745	734.7629878	7901.38955	-170.8817247	-648.4980178	-5971.6539	-177.0253066	-516.03088
20	22	60	1400	1100	NaN	7727.781822	-123.4786208	-680.8668739	2302.751689	31.43730188	1276.487989	4713.309994	-47.69228712	-518.0775956	-1442.972756	150.0503974	-865.0680822
20	22	45	1400	1100	NaN	7730.033678	-102.2098602	-515.4504911	2270.740389	60.32275623	988.5730661	4015.195272	-112.3666332	-460.0015594	-1373.716567	23.73075192	-778.9398811
30	22	60	1100	800	NaN	4949.068061	-59.72802493	-729.454005	1377.43315	283.9795536	1314.424094	2200.857	23.30146481	-471.1770806	-728.1484978	247.7723908	-965.452545
30	22	45	1400	1100	NaN	7730.098389	-149.2743554	-734.2996667	2308.604689	316.1418222	1364.371972	3634.622717	-16.51902126	-580.3923272	-1364.975283	152.9004446	-1159.062081
30	22	30	1400	1100	NaN	7466.031233	-153.4189722	-461.3444806	2316.526694	437.4046222	958.8704439	2491.048789	-78.59734018	-405.0104761	-1101.373851	-157.0991592	-678.4158861
